id,timestamp,age,gender,direction,shop_id
a7820c47-86ad-4ef1-9aed-52c633d4f0e5,2025-01-01T16:40:00+0900,19,male,1,0123456
b760669f-d07b-412c-960a-e9760d3509da,2025-01-01T16:40:00+0900,17,male,1,0123456
8b12d436-f38f-4d72-bf4d-6d63ee9f971b,2025-01-01T16:40:01+0900,27,female,1,0123456
acda2331-680b-44b7-8d2d-0a7f75599925,2025-01-01T16:40:01+0900,19,male,-1,0123456
4a3a5f60-8c2b-4038-bca5-55940f4d9119,2025-01-01T16:40:01+0900,27,female,-1,0123456
b9e9b4e4-d8fe-4175-9b1a-306eb540a8d6,2025-01-01T16:40:01+0900,20,female,-1,0123456
1b2f339e-c98a-43f1-86b5-6c22c7e8d4af,2025-01-01T16:40:02+0900,13,female,-1,0123456
1b1e3644-8dc2-4be9-8613-6e9ba0928fc6,2025-01-01T16:40:03+0900,19,male,1,0123456
cb74e18e-d7a2-416a-bf60-74c5064002af,2025-01-01T16:40:03+0900,8,female,-1,0123456
0d578de9-0e34-4ec8-8cc0-3df2a76de3ee,2025-01-01T16:40:03+0900,19,female,-1,0123456
92e57323-992d-42a9-9f35-655834ab640b,2025-01-01T16:40:03+0900,22,female,-1,0123456
910cd08f-47f3-4830-b876-64bd98946686,2025-01-01T16:40:03+0900,14,male,-1,0123456
69cb7e88-8353-4b06-b020-688e542d8e3d,2025-01-01T16:40:04+0900,20,female,-1,0123456
122017f3-449f-4cbc-af4f-f96f3eeeed0a,2025-01-01T16:40:04+0900,9,female,-1,0123456
0e3ecf4a-2778-4fdf-9093-4833fd6f9f76,2025-01-01T16:40:04+0900,26,male,-1,0123456
13cb0568-937a-4ad9-b76a-47e4b05293ac,2025-01-01T16:40:05+0900,21,female,1,0123456
965e1bc4-da1d-4dfe-8fd5-1e7d09538558,2025-01-01T16:40:05+0900,21,male,-1,0123456
637d7aaa-091e-4729-b942-4838107fb4c3,2025-01-01T16:40:05+0900,14,male,1,0123456
22731b72-5373-44ad-ad18-98faef89d5ee,2025-01-01T16:40:05+0900,16,female,-1,0123456
7631f269-3313-41d6-a50b-327463d22faf,2025-01-01T16:40:06+0900,12,male,1,0123456
1d03b0ed-de47-45f9-b4bb-e75ed60f460e,2025-01-01T16:40:06+0900,14,male,1,0123456
0b0d97f2-1f83-4b83-9d92-503839f25713,2025-01-01T16:40:07+0900,26,female,-1,0123456
fc017432-76bb-4bcc-8ce4-b19360d45620,2025-01-01T16:40:07+0900,22,male,1,0123456
6f718211-1064-44aa-812f-4afc5f323249,2025-01-01T16:40:08+0900,17,male,-1,0123456
8ea5cda0-cf3e-4e98-bff6-2a6d08836c11,2025-01-01T16:40:08+0900,9,male,-1,0123456
bed57166-610b-4242-8e12-44c1246503e5,2025-01-01T16:40:09+0900,25,female,-1,0123456
e0db7258-b517-44b6-a10a-67467ec2dba8,2025-01-01T16:40:09+0900,23,female,-1,0123456
ffc2ad8c-30fd-4a6a-8550-3aefc37d9c31,2025-01-01T16:40:09+0900,30,male,1,0123456
36bd60bd-cb63-4b90-bf4b-31970ed60a7c,2025-01-01T16:40:10+0900,10,female,1,0123456
0d91251e-ba2c-44d0-985a-4b0b1d6a0a67,2025-01-01T16:40:10+0900,10,male,-1,0123456
0bc0d405-703c-47b5-8534-a206da232058,2025-01-01T16:40:10+0900,16,female,-1,0123456
6aed25c0-801a-4d91-84e5-6be54cfa5d9f,2025-01-01T16:40:10+0900,22,female,1,0123456
5a5f9c2a-a5b3-4210-a3d0-94cf43d1bcf7,2025-01-01T16:40:11+0900,18,male,-1,0123456
f99911ef-c235-42ad-818a-2a4110ac81d4,2025-01-01T16:40:11+0900,21,male,1,0123456
06fb6f51-7ef3-4305-8630-a1865174e894,2025-01-01T16:40:11+0900,22,male,-1,0123456
12bc381d-0eb8-447a-b4ce-845f7187474a,2025-01-01T16:40:11+0900,19,female,1,0123456
48c201e3-b9f3-4bac-b465-2ddb25421544,2025-01-01T16:40:12+0900,22,female,1,0123456
63d3a48b-a272-412b-b742-bf631af0bd17,2025-01-01T16:40:12+0900,24,female,1,0123456
0cefffb5-4a8d-4b51-aad4-d34974bc288c,2025-01-01T16:40:12+0900,20,male,1,0123456
068983ab-d098-44b8-836d-7eda201c0f0f,2025-01-01T16:40:12+0900,20,female,1,0123456
f88bb889-6467-4158-8bf9-7410fa02fb63,2025-01-01T16:40:13+0900,17,female,-1,0123456
2a5d3e10-9f56-4957-9ef7-a107b6651507,2025-01-01T16:40:13+0900,11,male,1,0123456
a49871bb-efbb-4aa1-9f2c-9a48a8a0c56a,2025-01-01T16:40:13+0900,23,female,1,0123456
613bd51c-b358-4e3b-8fba-c83521bb1881,2025-01-01T16:40:14+0900,23,female,1,0123456
6759bcb7-66a9-4576-ab14-67805d6067fa,2025-01-01T16:40:14+0900,17,female,1,0123456
a81e7c06-7819-4be3-a7ee-efd6c5f112f4,2025-01-01T16:40:15+0900,22,male,1,0123456
5ba21f4c-d0bc-46fb-be93-01edd6b944ba,2025-01-01T16:40:15+0900,19,male,-1,0123456
73879936-55aa-40a1-a212-2d33f5ca7cc6,2025-01-01T16:40:15+0900,9,female,-1,0123456
6c437367-d19a-47dd-baa4-09806df6b2b0,2025-01-01T16:40:16+0900,20,male,1,0123456
7742e947-1bbb-4659-97c0-65cba8079279,2025-01-01T16:40:16+0900,17,male,1,0123456
aa5f5d6c-3b32-4ed9-a2ea-fe06de12272c,2025-01-01T16:40:16+0900,31,female,1,0123456
51bda873-88e4-414d-81a2-f35337238b5d,2025-01-01T16:40:17+0900,20,male,-1,0123456
170a0270-65cb-437f-ac6d-b66d3818ba03,2025-01-01T16:40:17+0900,24,male,-1,0123456
aef369fd-902a-4178-aaf6-8faa576a700d,2025-01-01T16:40:17+0900,21,female,1,0123456
c1261bb6-5bcc-4152-9157-0a581c23fedf,2025-01-01T16:40:18+0900,14,male,-1,0123456
25c2dd46-b0eb-48a5-a792-e4cc3f2bbafb,2025-01-01T16:40:18+0900,16,female,-1,0123456
7d4d0668-13a8-4486-b53e-a28b21f8246a,2025-01-01T16:40:18+0900,32,female,-1,0123456
02d48ec6-f156-4ce2-bc3d-1b2853183c6e,2025-01-01T16:40:18+0900,11,female,-1,0123456
067fc94c-3d04-41bf-83f6-2832ce2a7723,2025-01-01T16:40:18+0900,21,male,-1,0123456
d58dae35-dc91-48d6-82d1-2893cd82eabe,2025-01-01T16:40:18+0900,16,female,1,0123456
20c4e8be-9783-4850-86f0-3119a277bc21,2025-01-01T16:40:19+0900,11,male,-1,0123456
9a64f9f8-b69c-4001-a626-82fe91b6a942,2025-01-01T16:40:19+0900,16,female,1,0123456
f50565c2-23df-471c-b157-7c782c4214b0,2025-01-01T16:40:19+0900,16,female,1,0123456
2f0fc0b7-34ca-41a5-af47-0f8649d47d61,2025-01-01T16:40:19+0900,22,male,1,0123456
a22a970b-2e99-493d-a533-2660b47b0bcf,2025-01-01T16:40:19+0900,16,male,1,0123456
354222a3-f97f-4c12-b14c-c60482aae8ff,2025-01-01T16:40:20+0900,18,female,-1,0123456
483c387c-6090-4284-bf84-a50278146ea8,2025-01-01T16:40:20+0900,17,male,-1,0123456
04dd7c91-a767-4a61-b06a-bdbec94683f5,2025-01-01T16:40:20+0900,23,female,-1,0123456
eed9d65d-133e-4bd2-aad8-e89fcd79f4d6,2025-01-01T16:40:21+0900,20,male,1,0123456
9672c3ac-5139-436c-b822-b98ab1d5210e,2025-01-01T16:40:21+0900,18,female,1,0123456
3cfba674-95d2-4667-9477-0c03571a7cde,2025-01-01T16:40:22+0900,10,male,1,0123456
365362aa-c3f4-483e-9faa-43185308a91b,2025-01-01T16:40:22+0900,10,male,1,0123456
e51a11e0-26ab-4fe1-aa63-9aa5e63531f9,2025-01-01T16:40:22+0900,30,female,1,0123456
9486405f-d5e9-4977-9f40-90f22c55e8da,2025-01-01T16:40:23+0900,17,male,-1,0123456
cb4af8d0-c6de-4ed6-8311-9cb00feb3e7d,2025-01-01T16:40:24+0900,22,male,1,0123456
90e11554-7f9f-40b6-84fb-d5021c975401,2025-01-01T16:40:25+0900,20,female,-1,0123456
16dffa9f-7ca4-4e94-9086-467166164094,2025-01-01T16:40:26+0900,21,male,1,0123456
cc0f241a-571f-41cd-b118-1d83c658e6b5,2025-01-01T16:40:26+0900,12,male,-1,0123456
4e0f8cbf-1833-4ec4-bad6-7d45647e9703,2025-01-01T16:40:26+0900,16,female,1,0123456
2bf691b7-eaf4-4304-919d-01a0f6f5a993,2025-01-01T16:40:26+0900,18,female,1,0123456
15a20ddb-0497-4b68-bb24-15349d77e3c4,2025-01-01T16:40:27+0900,18,female,1,0123456
68d48d46-cb99-427f-b6cd-3de2b5e90d3a,2025-01-01T16:40:27+0900,21,female,1,0123456
abccf1ba-0c96-4f7d-b122-ffbd7c59b870,2025-01-01T16:40:28+0900,14,female,1,0123456
e4df2fbf-120b-47cf-8d27-309b02fb5d11,2025-01-01T16:40:29+0900,18,female,1,0123456
0ae461d8-3171-4663-b40f-3e7f6b01887f,2025-01-01T16:40:29+0900,17,male,1,0123456
eda5c313-1280-4ec0-b8e0-b23ac6dd1319,2025-01-01T16:40:29+0900,21,female,-1,0123456
01ccd924-d520-4716-91c4-1febc48d6b04,2025-01-01T16:40:31+0900,11,female,-1,0123456
71048c47-babe-48e6-a00d-139bbfd0a6b5,2025-01-01T16:40:31+0900,15,male,1,0123456
1a4bc439-21b3-43ab-bae3-abc207552891,2025-01-01T16:40:31+0900,16,male,-1,0123456
8839af67-1d84-4f0f-911a-9c2fd54f5a1f,2025-01-01T16:40:31+0900,28,male,1,0123456
906e2b00-16a9-42d0-acf5-00ac281d93f0,2025-01-01T16:40:32+0900,21,male,-1,0123456
cefecf76-be25-4f3a-aca1-bd2d1e12cc46,2025-01-01T16:40:32+0900,35,female,1,0123456
1e38a67c-6511-44c3-b8bd-75614f804fe1,2025-01-01T16:40:33+0900,14,female,1,0123456
3e415d9f-e8be-40bd-a897-46af825b5504,2025-01-01T16:40:33+0900,19,female,-1,0123456
d603b2e9-e107-417a-8de3-c4b2f2711da1,2025-01-01T16:40:34+0900,13,male,1,0123456
3a0836ce-a664-4867-91f5-483b542ce74a,2025-01-01T16:40:35+0900,20,male,1,0123456
6ca57513-2b53-4fc6-985b-b7838dde5b93,2025-01-01T16:40:35+0900,11,female,-1,0123456
57c47d38-7f5f-4e56-8990-0b7d350d3c30,2025-01-01T16:40:35+0900,26,female,-1,0123456
3d55ac8d-52cb-49a9-82d3-c1a9c4e333c3,2025-01-01T16:40:35+0900,27,female,-1,0123456
c1fe4570-2ed7-46c5-a414-e8ed1cfe53a6,2025-01-01T16:40:35+0900,21,female,-1,0123456
9d97b942-a5ef-473e-9e4e-b6bcc70706c5,2025-01-01T16:40:36+0900,26,male,1,0123456
e4430446-634a-4b5c-a859-a4f9a30789b9,2025-01-01T16:40:36+0900,11,male,-1,0123456
e59e683b-724e-4a23-a001-20d77d99e6f6,2025-01-01T16:40:36+0900,14,female,-1,0123456
b2a1445a-0a41-457d-ac34-8f1ddac1a3e4,2025-01-01T16:40:36+0900,20,female,-1,0123456
2502971c-8d01-4bc1-ba8a-5585630db53a,2025-01-01T16:40:36+0900,24,male,1,0123456
15b7e558-e9b3-4f68-93fe-f9bd23c3eabb,2025-01-01T16:40:36+0900,27,male,1,0123456
7ac29f0a-c248-4dc6-bf10-34828aa5f14b,2025-01-01T16:40:36+0900,20,male,-1,0123456
76a2fa6e-ca48-48c7-afbd-ee874efe93e0,2025-01-01T16:40:36+0900,10,male,-1,0123456
f51d614c-4c6a-4dc3-a574-46306dde5de1,2025-01-01T16:40:36+0900,14,male,-1,0123456
94bdeb60-2b07-4792-a0fb-b791b394ae65,2025-01-01T16:40:37+0900,16,male,1,0123456
550c5b6f-c1a6-480d-84b9-2ef70787ccb3,2025-01-01T16:40:37+0900,11,male,1,0123456
66764664-468f-42c2-b128-f2870b568925,2025-01-01T16:40:38+0900,14,female,1,0123456
3ca39d70-4e44-4c4a-b7b1-2e3f136be0dc,2025-01-01T16:40:38+0900,29,male,-1,0123456
76a306d1-0feb-4ea4-a46c-599a8395f446,2025-01-01T16:40:38+0900,10,female,1,0123456
ef509b3a-a607-49c5-b480-d054d23bdbd3,2025-01-01T16:40:38+0900,13,male,-1,0123456
9f5bb8c4-caac-482e-b8d9-156d4c7d7fe9,2025-01-01T16:40:38+0900,20,male,-1,0123456
3c65150f-2d07-4b80-8d06-f2b4c61fc4bc,2025-01-01T16:40:39+0900,13,male,-1,0123456
38baeab3-6bd0-4fa8-a34e-45a59fb89b8b,2025-01-01T16:40:39+0900,24,male,1,0123456
1b8bd54e-97aa-4c88-985a-02551603fb05,2025-01-01T16:40:40+0900,17,male,1,0123456
736de77e-baf0-4532-bfb9-0a4d8985ccc4,2025-01-01T16:40:40+0900,15,male,-1,0123456
beee086c-3cde-4a60-8fc9-3f9a61bb3a4f,2025-01-01T16:40:40+0900,8,female,1,0123456
07ce7728-58cf-4774-905b-2d4bd1148a87,2025-01-01T16:40:41+0900,35,female,-1,0123456
2c08e1aa-3e6e-4e1b-9e43-258d5f2d3f49,2025-01-01T16:40:42+0900,10,male,1,0123456
be4a0f8c-f6e0-4f9f-ba8a-0ab76788a504,2025-01-01T16:40:42+0900,17,male,1,0123456
b4c13fae-8db1-464d-9bc8-fcbc15e0d8ae,2025-01-01T16:40:43+0900,20,male,1,0123456
3ba5b6cf-276a-4160-a36d-e5d1b415cfb9,2025-01-01T16:40:44+0900,17,male,1,0123456
4d1aab13-1311-450e-bb72-a570687786bf,2025-01-01T16:40:44+0900,39,female,1,0123456
6bc6d5df-52da-46c1-a675-6e2e1bbebe21,2025-01-01T16:40:44+0900,22,male,-1,0123456
39423c02-5e0a-432f-9729-974de40fdff7,2025-01-01T16:40:44+0900,17,female,-1,0123456
2aa98669-3768-47cd-9483-d00d9b00e8bb,2025-01-01T16:40:44+0900,35,male,-1,0123456
062791d2-8bd6-48c7-a23e-1e2bc0deacfb,2025-01-01T16:40:44+0900,16,female,-1,0123456
89608413-1594-4f15-b26f-dbd34f037ff8,2025-01-01T16:40:44+0900,17,male,1,0123456
68db5c76-c30f-45cc-a9a6-7cf44f76ccec,2025-01-01T16:40:45+0900,23,male,-1,0123456
c80b1ea9-9ff3-4cb5-9b43-3b624a83440b,2025-01-01T16:40:45+0900,18,female,-1,0123456
b4af533a-239c-41ee-825c-38d2f11f545c,2025-01-01T16:40:45+0900,17,female,1,0123456
73db98cd-3b8c-4cc1-8de5-348ae26320f5,2025-01-01T16:40:46+0900,12,male,1,0123456
d6f993e9-9bd1-4eff-a1d5-bca00411a96d,2025-01-01T16:40:47+0900,38,female,1,0123456
b76bf02b-f26d-483c-962b-61b4e30cea62,2025-01-01T16:40:47+0900,30,female,1,0123456
843754b6-dd89-4125-b008-31ef497bbecd,2025-01-01T16:40:48+0900,17,male,1,0123456
086f7360-5e09-40d6-9b44-96fe4bfe2c78,2025-01-01T16:40:48+0900,17,male,-1,0123456
57a5a5a5-630a-4b61-8080-262d7fe8563c,2025-01-01T16:40:48+0900,21,female,1,0123456
61bf11df-07c9-48b1-a1ea-494394ad5c72,2025-01-01T16:40:49+0900,9,male,1,0123456
a19ffb7a-f4dc-4bfb-a049-84d5102aef43,2025-01-01T16:40:49+0900,26,male,1,0123456
efc27148-9d00-4511-9975-2eaa7109c9f0,2025-01-01T16:40:49+0900,23,male,-1,0123456
85e4a133-1438-4be4-aeb4-86020a68d599,2025-01-01T16:40:49+0900,20,female,1,0123456
596d69aa-ee84-4cf2-9dbd-5b7c0b73afc7,2025-01-01T16:40:49+0900,23,male,1,0123456
eb0d0b5e-a615-4fe1-98d2-a7ab3ce3a91c,2025-01-01T16:40:50+0900,17,male,1,0123456
05ef63ba-2746-4c41-baf3-bbf1d4243fb2,2025-01-01T16:40:50+0900,29,female,1,0123456
1ee5357d-3c82-4639-b580-7af77a8e0cf3,2025-01-01T16:40:50+0900,14,female,-1,0123456
294768ed-e862-476e-9b28-6dadc74853e8,2025-01-01T16:40:50+0900,40,male,1,0123456
5a81491f-804e-4b31-9981-789cbbbe4862,2025-01-01T16:40:51+0900,31,female,-1,0123456
c0738cdb-41b1-4ab8-b909-daf486e09453,2025-01-01T16:40:52+0900,32,female,-1,0123456
d583b8b3-6251-48fc-a7d3-9d9a99f45101,2025-01-01T16:40:52+0900,17,female,1,0123456
5a74177d-577a-48be-8e12-450dd7bb1ec4,2025-01-01T16:40:53+0900,13,male,-1,0123456
8e960ac5-a239-4235-b8c5-12f89daab0b1,2025-01-01T16:40:53+0900,18,male,-1,0123456
b5f7d353-9b13-41ff-938a-c6a4e1df625a,2025-01-01T16:40:53+0900,17,male,1,0123456
f072be99-a1e4-4af6-8003-e6419699cf48,2025-01-01T16:40:53+0900,14,male,1,0123456
57b0c3b6-9709-4ee2-8369-1ad11da7ec92,2025-01-01T16:40:53+0900,18,female,-1,0123456
80bb914c-9d01-40bb-990c-ccfcc35fd4fe,2025-01-01T16:40:54+0900,41,male,1,0123456
f355dc8f-289a-472b-b067-13d8fb6f6ac2,2025-01-01T16:40:56+0900,13,male,1,0123456
52630422-f1fd-4b08-84d0-8214bb1fe1ec,2025-01-01T16:40:57+0900,22,male,1,0123456
1d86a69d-81e6-4f1f-ade4-28ecc069b482,2025-01-01T16:40:57+0900,14,female,-1,0123456
aae0ea94-7ab3-42bb-888a-4b868fce8d6e,2025-01-01T16:40:57+0900,31,male,-1,0123456
c5800f88-c0f0-40d8-9d02-16130cf7165b,2025-01-01T16:40:58+0900,20,female,1,0123456
f44e9846-e197-4b24-99ee-d3b286af09ba,2025-01-01T16:40:59+0900,14,male,1,0123456
167f63cf-bef4-4afc-b81b-0cb9032df7f1,2025-01-01T16:40:59+0900,23,female,-1,0123456
